numGroup 16

group-01 5
95844026
91499053
94642814
95828253
96952271

group-02 8
93772362
96263552
90844346
93107930
90661268
96897259
93070161
90535424

group-04 7
98512078
98529423
95871616
92432172
93670697
97039667
92026350

group-05 7
96018874
91302047
95300527
96840393
97267488
95027275
91966324

group-06 8
96387473
92619516
97050406
91790650
93458117
96372049
94389789
90693166

group-07 7
91139199
98188807
93592435
95962014
92026350
91461289
98354529

group-08 6
93107930
98606978
98947884
98354529
95607985
95944867

group-09 10
98146896
95844026
91380835
98530778
93921301
91571163
95242202
94437092
96993520
95300527

group-11 6
94894473
96993520
97967940
92218814
92151574
93163073

group-12 4
92966071
93070161
92994601
93107930

group-13 6
96387473
90119192
91966324
92026350
92619516
93822841

group-14 7
95927729
97963079
98606978
90693166
94862499
95631570
90588362

group-15 9
92777694
93330486
92619516
94507556
95607985
94862499
93670697
96993520
95871616

group-16 11
95706562
97312605
97359145
91571163
94721897
90690613
91671235
95242202
94561399
98512078
95331240

group-17 6
97039667
98027471
95962014
97004950
92975740
96654280

group-19 6
97677796
97267488
90955130
94988707
95391097
97963079

